 -0.94056518   0.47759641   0.00000000   0.00000000   0.00000000  -0.00000000  -0.88455110   0.50052561   0.28250469
  0.00000000   0.00000091  -0.00000069  -0.76218013   0.48591733   0.54381566   0.00000000   0.00000181  -0.00000138
 -0.58262849   0.43487598   0.76433032   0.00000000   0.00000272  -0.00000207  -0.35936194   0.35123759   0.92750705
  0.00000000   0.00000363  -0.00000276  -0.10912579   0.24128143   1.02110589   0.00000000   0.00000454  -0.00000345
  0.14931104   0.11325855   1.03810663   0.00000000   0.00000544   0.00000413   0.39656387  -0.02322744   0.97723512
  0.00000000   0.00000635   0.00000482   0.61408624  -0.15794080   0.84305869   0.00000000   0.00000726   0.00000551
  0.78556100  -0.28078128   0.64564324   0.00000000   0.00000817   0.00000620   0.89812431  -0.38254140   0.39979802
  0.00000000   0.00000907   0.00000689   0.94333052  -0.45559654   0.12396458   0.00000000   0.00000998   0.00000758
  0.91778577  -0.49447623  -0.16116667   0.00000000   0.00001089   0.00000827   0.82340260  -0.49627366  -0.43420848
  0.00000000   0.00001180   0.00000896   0.66725669  -0.46086299  -0.67468100   0.00000000   0.00001270   0.00000965
  0.46105622  -0.39090803  -0.86454784   0.00000000   0.00001361   0.00001034   0.22026390  -0.29166176  -0.98956878
  0.00000000   0.00001452   0.00001102  -0.03706264  -0.17057184  -1.04036772   0.00000000   0.00001542   0.00001171
 -0.29162511  -0.03672167  -1.01313570   0.00000000   0.00001633  -0.00001240  -0.52433184   0.09985100  -0.90991636
  0.00000000   0.00001724  -0.00001309  -0.71772960   0.22890691  -0.73845242   0.00000000   0.00001815  -0.00001378
 -0.85731256   0.34077286  -0.51160474   0.00000000   0.00001905  -0.00001447  -0.93261016   0.42706681  -0.24638760
  0.00000000   0.00001996  -0.00001516  -0.93797252   0.48132584   0.03730760   0.00000000   0.00002087  -0.00001585
 -0.87299416   0.49949016   0.31820418   0.00000000   0.00002178  -0.00001654  -0.74254457   0.48020679   0.57523593
  0.00000000   0.00002268  -0.00001723  -0.55640313   0.42493030   0.78912700   0.00000000   0.00002359  -0.00001791
 -0.32852590   0.33781295   0.94383738   0.00000000   0.00002450  -0.00001860  -0.07599914   0.22539279   1.02776570
  0.00000000   0.00002541  -0.00001929   0.18224188   0.09610290   1.03461900   0.00000000   0.00002631   0.00001998
  0.42683275  -0.04036125   0.96388453   0.00000000   0.00002722   0.00002067   0.63943192  -0.17376889   0.82086786
  0.00000000   0.00002813   0.00002136   0.80409613  -0.29412095   0.61629488   0.00000000   0.00002903   0.00002205
  0.90847592  -0.39239947   0.36550718   0.00000000   0.00002994   0.00002274   0.94474170  -0.46124334   0.08731148
  0.00000000   0.00003085   0.00002343   0.91017095  -0.49549952  -0.19743079   0.00000000   0.00003176   0.00002412
  0.80735245  -0.49260875  -0.46736789   0.00000000   0.00003266   0.00002480   0.64399230  -0.45279665  -0.70225881
  0.00000000   0.00003357   0.00002549   0.43233627  -0.37905609  -0.88449105   0.00000000   0.00003448   0.00002618
  0.18825164  -0.27692211  -1.00040107   0.00000000   0.00003539   0.00002687  -0.06996230  -0.15405639  -1.04129870
  0.00000000   0.00003629   0.00002756  -0.32294628  -0.01967250  -1.00411853   0.00000000   0.00003720  -0.00002825
 -0.55173248   0.11615510  -0.89164951   0.00000000   0.00003811  -0.00002894  -0.73916663   0.24324630  -0.71232560
  0.00000000   0.00003901  -0.00002963  -0.87119417   0.35207832  -0.47959321   0.00000000   0.00003992  -0.00003032
 -0.93791405   0.43449924  -0.21090277   0.00000000   0.00004083  -0.00003101  -0.93432105   0.48433854   0.07359976
  0.00000000   0.00004174  -0.00003170  -0.86068123   0.49786900   0.35258347   0.00000000   0.00004264  -0.00003238
 -0.72251200   0.47408541   0.60513181   0.00000000   0.00004355  -0.00003307  -0.53016869   0.41477911   0.81231076
  0.00000000   0.00004446  -0.00003376  -0.29806825   0.32440307   0.95858830   0.00000000   0.00004537  -0.00003445
 -0.04360864   0.20973743   1.03299870   0.00000000   0.00004627  -0.00003514   0.21413543   0.07938081   1.02996445
  0.00000000   0.00004718   0.00003583   0.45584237  -0.05689451   0.94971420   0.00000000   0.00004809   0.00003652
  0.66339213  -0.18887525   0.79826536   0.00000000   0.00004900   0.00003721   0.82122453  -0.30667251   0.58697278
  0.00000000   0.00004990   0.00003790   0.91750581  -0.40146274   0.33167727   0.00000000   0.00005081   0.00003859
  0.94501570  -0.46614862   0.05151790   0.00000000   0.00005172   0.00003928   0.90168881  -0.49589039  -0.23250284
  0.00000000   0.00005262   0.00003996   0.79076952  -0.48846792  -0.49909363   0.00000000   0.00005353   0.00004065
  0.62056896  -0.44444637  -0.72827031   0.00000000   0.00005444   0.00004134   0.40384207  -0.36713306  -0.90285392
  0.00000000   0.00005535   0.00004203   0.15683168  -0.26232897  -1.00975833   0.00000000   0.00005625   0.00004272
 -0.10194889  -0.13789339  -1.04097101   0.00000000   0.00005716  -0.00004341  -0.35310349  -0.00315451  -0.99415342
  0.00000000   0.00005807  -0.00004410  -0.57780687   0.13178987  -0.87281610   0.00000000   0.00005898  -0.00004479
 -0.75921572   0.25682911  -0.68605528   0.00000000   0.00005988  -0.00004548  -0.88373114   0.36259731  -0.44787081
  0.00000000   0.00006079  -0.00004617  -0.94201795   0.44117474  -0.17611663   0.00000000   0.00006170  -0.00004686
 -0.92970446   0.48668087   0.10883760   0.00000000   0.00006260  -0.00004754  -0.84771022   0.49571439   0.38563345
  0.00000000   0.00006351  -0.00004823  -0.70217721   0.46760734   0.63352453   0.00000000   0.00006442  -0.00004892
 -0.50400965   0.40447443   0.83393150   0.00000000   0.00006533  -0.00004961  -0.26805685   0.31105390   0.97183449
  0.00000000   0.00006623  -0.00005030  -0.01200048   0.19435178   1.03689870   0.00000000   0.00006714  -0.00005099
  0.24497060   0.06311650   1.02424874   0.00000000   0.00006805   0.00005168   0.48359829  -0.07281701   0.93483389
  0.00000000   0.00006896   0.00005237   0.68599851  -0.20326439   0.77535664   0.00000000   0.00006986   0.00005306
  0.83700150  -0.31845481   0.55777016   0.00000000   0.00007077   0.00005375   0.92528868  -0.40976291   0.29838228
  0.00000000   0.00007168   0.00005444   0.94424096  -0.47035452   0.01663312   0.00000000   0.00007258   0.00005512
  0.89243481  -0.49569820  -0.26636192   0.00000000   0.00007349   0.00005581   0.77374911  -0.48390404  -0.52939466
  0.00000000   0.00007440   0.00005650   0.59707457  -0.43586450  -0.75275353   0.00000000   0.00007531   0.00005719
  0.37564758  -0.35518684  -0.91970061   0.00000000   0.00007621   0.00005788   0.12605850  -0.24792221  -1.01772594
  0.00000000   0.00007712   0.00005857  -0.13299147  -0.12211167  -1.03948474   0.00000000   0.00007803  -0.00005926
 -0.38209158   0.01281661  -0.98334761   0.00000000   0.00007894  -0.00005995 