1.05487495800105901544 -0.00000000000000000000 0.00000000000000000000 -1.04808909405304784279 0.53219446948635162897 2.67174362717537050571 
6378137.00000000000000000000 
806.81106492269884711277 
25.89771763107905400148 
0.00000765439925265441 
88.00000000000000000000 
1.00000000000000000000 
1.00000000000000000000 
1.00000000000000000000 
0.29429224580771651265 
2.00000000000000000000 
1.61128181865546671325 
1.00085352574724506525 
1.00000000000000000000 
109.09141650610514773234 
0.00000000000000000000 
0.01000000000000000021 
