 -0.67991694   0.38726514  -0.76419089   0.66138484  -0.15857087  -0.67217222  -0.00000679   0.00000074   0.00000232
 -0.26566490   0.26391877  -1.02903463   0.85752513  -0.29361439  -0.29938840  -0.00000870   0.00000045   0.00000121
  0.20537788   0.08420772  -1.07366970   0.87001455  -0.36542551   0.13539628  -0.00000900   0.00000026  -0.00000076
  0.63278890  -0.11342354  -0.88941479   0.69761996  -0.35942248   0.54029506  -0.00000756   0.00000001  -0.00000201
  0.92576692  -0.28695619  -0.51573396   0.37684179  -0.27701367   0.83025082  -0.00000554  -0.00000004  -0.00000151
  1.02178209  -0.39943102  -0.03208314  -0.02487595  -0.13542820   0.94351018  -0.00000441   0.00000058   0.00000044
  0.89992892  -0.42673200   0.45839142  -0.42215006   0.03536944   0.85510027  -0.00000483   0.00000205   0.00000236
  0.58581705  -0.36286181   0.85065140  -0.72983382   0.19889263   0.58323294  -0.00000616   0.00000398   0.00000284
  0.14635125  -0.22133684   1.06035454  -0.88173791   0.32010997   0.18558844  -0.00000703   0.00000558   0.00000159
 -0.32446027  -0.03234793   1.04197625  -0.84462631   0.37289699  -0.25319273  -0.00000652   0.00000607  -0.00000031
 -0.72536537   0.16357660   0.79872496  -0.62519172   0.34545414  -0.63889871  -0.00000497   0.00000527  -0.00000129
 -0.96950452   0.32413650   0.38247618  -0.26977863   0.24317706  -0.88724149  -0.00000369   0.00000366  -0.00000062
 -1.00372570   0.41451289  -0.11679724   0.14422791   0.08820462  -0.94316038  -0.00000392   0.00000204   0.00000108
 -0.82089153   0.41526027  -0.59080497   0.52583053  -0.08532132  -0.79485242  -0.00000575   0.00000098   0.00000228
 -0.46131967   0.32662226  -0.93740605   0.79241439  -0.23954172  -0.47641000  -0.00000800   0.00000053   0.00000188
 -0.00298577   0.16809452  -1.08302512   0.88838780  -0.34174942  -0.05798046  -0.00000911   0.00000034   0.00000012
  0.45604284  -0.02622878  -0.99756429   0.79520852  -0.37095017   0.37124208  -0.00000836   0.00000011  -0.00000164
  0.81823690  -0.21498562  -0.69971619   0.53318331  -0.32134834   0.72117391  -0.00000640  -0.00000008  -0.00000195
  1.00653088  -0.35804554  -0.25281191   0.15724495  -0.20328682   0.91789885  -0.00000472   0.00000020  -0.00000051
  0.98042650  -0.42483250   0.24804002  -0.25316870  -0.04157414   0.91884015  -0.00000447   0.00000130   0.00000164
  0.74499531  -0.40090943   0.69576168  -0.61033110   0.12936055   0.72290018  -0.00000555   0.00000311   0.00000287
  0.35020302  -0.29122135   0.99422332  -0.83745622   0.27290482   0.37141619  -0.00000679   0.00000497   0.00000232
 -0.11962518  -0.11911474   1.07896806  -0.88536728   0.35821564  -0.06085808  -0.00000693   0.00000601   0.00000051
 -0.56367234   0.07857862   0.93111201  -0.74272344   0.36665774  -0.48149434  -0.00000572   0.00000576  -0.00000104
 -0.88602320   0.25928883   0.58181385  -0.43900257   0.29586518  -0.79927887  -0.00000413   0.00000441  -0.00000110
 -1.01659448   0.38387084   0.10628252  -0.03969705   0.16088573  -0.94408878  -0.00000360   0.00000270   0.00000030
 -0.92711938   0.42536767  -0.39234819   0.36750320  -0.00863607  -0.88405738  -0.00000481   0.00000135   0.00000191
 -0.63763746   0.37511603  -0.80621548   0.69362155  -0.17544895  -0.63370231  -0.00000707   0.00000066   0.00000228
 -0.21136669   0.24442055  -1.04685464   0.86943318  -0.30370874  -0.24914202  -0.00000884   0.00000040   0.00000100
  0.26002933   0.06160623  -1.06382429   0.85946484  -0.36674125   0.18663570  -0.00000891   0.00000021  -0.00000096
  0.67623031  -0.13430335  -0.85427489   0.66706631  -0.35180469   0.58187876  -0.00000732  -0.00000004  -0.00000203
  0.94884935  -0.30169205  -0.46290113   0.33269406  -0.26209001   0.85358783  -0.00000533  -0.00000002  -0.00000131
  1.01959883  -0.40488774   0.02716227  -0.07342866  -0.11630429   0.94367864  -0.00000438   0.00000070   0.00000072
  0.87285243  -0.42170791   0.51137448  -0.46490338   0.05469299   0.83192601  -0.00000497   0.00000226   0.00000254
  0.53948695  -0.34835884   0.88592920  -0.75767133   0.21432957   0.54143812  -0.00000632   0.00000420   0.00000279
  0.09056133  -0.20037837   1.07014362  -0.88855077   0.32833439   0.13388975  -0.00000706   0.00000569   0.00000138
 -0.37776442  -0.00937468   1.02386804  -0.82864689   0.37204002  -0.30378087  -0.00000639   0.00000602  -0.00000049
 -0.76460679   0.18362349   0.75633887  -0.58958153   0.33556413  -0.67727421  -0.00000478   0.00000509  -0.00000129
 -0.98605992   0.33689331   0.32483627  -0.22224839   0.22634528  -0.90473559  -0.00000363   0.00000344  -0.00000043
 -0.99397903   0.41720944  -0.17720518   0.19306195   0.06818044  -0.93582541  -0.00000408   0.00000186   0.00000129
 -0.78710296   0.40738000  -0.64092707   0.56512568  -0.10405822  -0.76455339  -0.00000604   0.00000088   0.00000234
 -0.41099504   0.30998398  -0.96662843   0.81380922  -0.25293157  -0.43014177  -0.00000823   0.00000048   0.00000174
  0.05296606   0.14636607  -1.08542090   0.88770510  -0.34705689  -0.00586923  -0.00000912   0.00000029  -0.00000011
  0.50572285  -0.04837692  -0.97294559   0.77292338  -0.36720312   0.41825714  -0.00000816   0.00000005  -0.00000175
  0.85117791  -0.23285477  -0.65350612   0.49405664  -0.30940109   0.75339293  -0.00000615  -0.00000010  -0.00000184
  1.01577161  -0.36784717  -0.19489815   0.10940718  -0.18563065   0.92860798  -0.00000460   0.00000027  -0.00000023
  0.96393795  -0.42445557   0.30529375  -0.29971731  -0.02188678   0.90567705  -0.00000455   0.00000148   0.00000188
  0.70616057  -0.39037271   0.74004820  -0.64572641   0.14693569   0.68846572  -0.00000573   0.00000334   0.00000292
  0.29718414  -0.27269679   1.01588005  -0.85404444   0.28461467   0.32283230  -0.00000689   0.00000513   0.00000216
 -0.17553725  -0.09650227   1.07306633  -0.87933943   0.36147868  -0.11333653  -0.00000686   0.00000603   0.00000029
 -0.61040616   0.10044507   0.89861485  -0.71505462   0.36063850  -0.52649717  -0.00000553   0.00000562  -0.00000113
 -0.91335299   0.27566947   0.52953203  -0.39553549   0.28176589  -0.82675160  -0.00000399   0.00000419  -0.00000098
 -1.01851313   0.39119521   0.04549152   0.00993816   0.14180358  -0.94779032  -0.00000366   0.00000249   0.00000053
 -0.90329405   0.42208467  -0.44846806   0.41220699  -0.02841780  -0.86328719  -0.00000506   0.00000122   0.00000205
 -0.59343261   0.36204135  -0.84565391   0.72366965  -0.19156925  -0.59339143  -0.00000735   0.00000059   0.00000222
 -0.15646319   0.22448252  -1.06143083   0.87869502  -0.31278331  -0.19831235  -0.00000895   0.00000036   0.00000078
  0.31387344   0.03913034  -1.05077554   0.84637488  -0.36700211   0.23715428  -0.00000879   0.00000015  -0.00000115
  0.71764383  -0.15453068  -0.81662826   0.63456623  -0.34330551   0.62163010  -0.00000707  -0.00000008  -0.00000203
  0.96910570  -0.31538823  -0.40876087   0.28755864  -0.24662409   0.87435170  -0.00000514   0.00000001  -0.00000108
  1.01436598  -0.40913021   0.08624910  -0.12181210  -0.09708176   0.94103444  -0.00000437   0.00000084   0.00000101
  0.84312855  -0.41554285   0.56275379  -0.50634374   0.07364691   0.80626009  -0.00000512   0.00000247   0.00000269
  0.49147039  -0.33302569   0.91847286  -0.78329050   0.22899321   0.49799194  -0.00000648   0.00000440   0.00000271
  0.03442258  -0.17908100   1.07662807  -0.89267266   0.33552813   0.08175778  -0.00000707   0.00000578   0.00000116
 -0.42997454   0.01336232   1.00258973  -0.81007005   0.37010439  -0.35343197  -0.00000623   0.00000595  -0.00000065
 -0.80152432   0.20289784   0.71162579  -0.55207015   0.32478978  -0.71348946  -0.00000460   0.00000490  -0.00000126
 -0.99957265   0.34850670   0.26625404  -0.17399476   0.20904311  -0.91932063  -0.00000360   0.00000322  -0.00000023
 -0.98116700   0.41865181  -0.23695205   0.24125835   0.04822130  -0.92553587  -0.00000426   0.00000169   0.00000149
 -0.75092024   0.39842129  -0.68895468   0.60261186  -0.12222077  -0.73195864  -0.00000633   0.00000079   0.00000237
 -0.35945756   0.29267829  -0.99281784   0.83269230  -0.26539391  -0.38271856  -0.00000843   0.00000043   0.00000157
  0.10872424   0.12451282  -1.08451554   0.88437471  -0.35130290   0.04608359  -0.00000910   0.00000024  -0.00000034
  0.55387444  -0.07009512  -0.94544567   0.74838106  -0.36247981   0.46389645  -0.00000794   0.00000000  -0.00000184
  0.88158376  -0.24983651  -0.60541517   0.45348569  -0.29674816   0.78331490  -0.00000591  -0.00000010  -0.00000170
  1.02198768  -0.37648725  -0.13648266   0.06121622  -0.16767276   0.93654670  -0.00000451   0.00000036   0.00000005
  0.94455157  -0.42287935   0.36155968  -0.34544212  -0.00236393   0.88981456  -0.00000464   0.00000167   0.00000211
  0.66515808  -0.37884603   0.78204446  -0.67926007   0.16390451   0.65195401  -0.00000591   0.00000356   0.00000294
  0.24319799  -0.25360225   1.03440517  -0.86808636   0.29538790   0.27324600  -0.00000698   0.00000529   0.00000198
 -0.23098255  -0.07387012   1.06384818  -0.87059856   0.36365898  -0.16548073  -0.00000677   0.00000603   0.00000008
 -0.65531045   0.12176374   0.86334334  -0.68510953   0.35362306  -0.56983754  -0.00000534   0.00000548  -0.00000120
 -0.93787939   0.29104604   0.47565392  -0.35078657   0.26699479  -0.85156892  -0.00000388   0.00000397  -0.00000084
 -1.01728953   0.39728372  -0.01534334   0.05952992   0.12254656  -0.94846922  -0.00000375   0.00000229   0.00000076
 -0.87670650   0.41761765  -0.50308011   0.45557179  -0.04783746  -0.83986164  -0.00000532   0.00000109   0.00000218
 -0.54745301   0.34809942  -0.88240023   0.75145027  -0.20689606  -0.55138968  -0.00000761   0.00000053   0.00000213
 -0.10112754   0.20417404  -1.07274296   0.88530481  -0.32083258  -0.14706283  -0.00000904   0.00000031   0.00000056
  0.36675137   0.01684495  -1.03458647   0.83080145  -0.36622926   0.28680915  -0.00000864   0.00000010  -0.00000132
  0.75691419  -0.17405753  -0.77660403   0.60022239  -0.33396542   0.65944770  -0.00000681  -0.00000011  -0.00000199
  0.98648399  -0.32802179  -0.35348241   0.24156603  -0.23066767   0.89249564  -0.00000496   0.00000005  -0.00000084
  1.00610433  -0.41216434   0.14499954  -0.16988838  -0.07781529   0.93559307  -0.00000439   0.00000099   0.00000129
  0.81084873  -0.40827079   0.61237671  -0.54634934   0.09218266   0.77818065  -0.00000529   0.00000270   0.00000281
  0.44191437  -0.31691875   0.94818644  -0.80660982   0.24284998   0.45302559  -0.00000663   0.00000460   0.00000261
 -0.02189000  -0.15751326   1.07979214  -0.89408363   0.34168049   0.02935625  -0.00000706   0.00000585   0.00000094
 -0.48092482   0.03579631   0.97821489  -0.78895091   0.36710787  -0.40198257  -0.00000606   0.00000586  -0.00000080
 -0.83600141   0.22135021   0.66473723  -0.51278398   0.31317745  -0.74742407  -0.00000443   0.00000470  -0.00000120
 -1.01000686   0.35895782   0.20692490  -0.12518575   0.19133597  -0.93095825  -0.00000359   0.00000299  -0.00000001
 -0.96534417   0.41885725  -0.29584763   0.28865626   0.02839316  -0.91234862  -0.00000446   0.00000153   0.00000169
 -0.71247172   0.38843246  -0.73474934   0.63817995  -0.13976150  -0.69719859  -0.00000662   0.00000070   0.00000238
 -0.30687494   0.27477136  -1.01591599   0.84902662  -0.27691019  -0.33430240  -0.00000861   0.00000038   0.00000139
  0.16412002   0.10260297  -1.08033698   0.87842785  -0.35449770   0.09772352  -0.00000905   0.00000019  -0.00000056
  0.60036061  -0.09132703  -0.91516715   0.72166589  -0.35681299   0.50803894  -0.00000771  -0.00000005  -0.00000191
  0.90937308  -0.26589635  -0.55559816   0.41159065  -0.28343703   0.81086791  -0.00000568  -0.00000010  -0.00000154
  1.02516746  -0.38395887  -0.07774317   0.01280923  -0.14946734   0.94170246  -0.00000444   0.00000047   0.00000034
  0.92232874  -0.42012575   0.41667027  -0.39021133   0.01694223   0.87130363  -0.00000476   0.00000187   0.00000232
  0.62211306  -0.36637673   0.82162629  -0.71082999   0.18022594   0.61347472  -0.00000608   0.00000378   0.00000294
  0.18841128  -0.23400219   1.04974579  -0.87953280   0.30520297   0.22281001  -0.00000705   0.00000542   0.00000179
 -0.28578644  -0.05128745   1.05134819  -0.85916624   0.36476140  -0.21712234  -0.00000666   0.00000602  -0.00000013
 -0.69824266   0.14247599   0.82541772  -0.65298558   0.34564575  -0.61137099  -0.00000514   0.00000531  -0.00000123
 -0.95952882   0.30538526   0.42036094  -0.30491086   0.25161061  -0.87365339  -0.00000378   0.00000375  -0.00000068
 -1.01293944   0.40213786  -0.07602371   0.10890824   0.10318263  -0.94614175  -0.00000386   0.00000210   0.00000099
 -0.84745624   0.41200245  -0.55601894   0.49746221  -0.06683791  -0.81388346  -0.00000560   0.00000097   0.00000228
 -0.49985361   0.33335023  -0.91635948   0.77689456  -0.22139791  -0.50785019  -0.00000786   0.00000047   0.00000202
 -0.04553206   0.18356393  -1.08078191   0.88926548  -0.32785482  -0.09555456  -0.00000910   0.00000026   0.00000033
  0.41850916  -0.00518730  -1.01532900   0.81280746  -0.36444636   0.33546277  -0.00000848   0.00000004  -0.00000147
  0.79393356  -0.19283911  -0.73433700   0.56414099  -0.32382613   0.69523681  -0.00000656  -0.00000014  -0.00000192
  1.00094097  -0.33957337  -0.29723688   0.19484810  -0.21427271   0.90798004  -0.00000481   0.00000011  -0.00000059
  0.99484353  -0.41399948   0.20323774  -0.21752054  -0.05855878   0.92737739  -0.00000443   0.00000115   0.00000156
  0.77611204  -0.39992845   0.66009637  -0.58480203   0.11025330   0.74777267  -0.00000546   0.00000292   0.00000291
  0.39097086  -0.30009602   0.97498311  -0.82755424   0.25586886   0.40667552  -0.00000676   0.00000478   0.00000248
 -0.07820069  -0.13574375   1.07963123  -0.89277276   0.34678413  -0.02314920  -0.00000702   0.00000591   0.00000071
 -0.53045386   0.05786235   0.95082789  -0.76535454   0.36307192  -0.44927249  -0.00000589   0.00000576  -0.00000092
 -0.86793079   0.23893485   0.61583217  -0.47185693   0.30077638  -0.77896685  -0.00000427   0.00000449  -0.00000112
 -1.01733854   0.36823249   0.14704563  -0.07599090   0.17328991  -0.93962285  -0.00000361   0.00000278   0.00000021
 -0.94657581   0.41784729  -0.35370694   0.33510022   0.00875991  -0.89633184  -0.00000468   0.00000138   0.00000186
 -0.67189227   0.37746440  -0.77818253   0.67173035  -0.15663687  -0.66040940  -0.00000691   0.00000062   0.00000236
 -0.25341618   0.25632973  -1.03587599   0.86278473  -0.28746599  -0.28505499  -0.00000876   0.00000033   0.00000119
  0.21898794   0.08070315  -1.07292315   0.86990299  -0.35665459   0.14890042  -0.00000897   0.00000014  -0.00000076
  0.64505084  -0.11201917  -0.88221980   0.69286681  -0.35023715   0.55056972  -0.00000747  -0.00000009  -0.00000194
  0.93447276  -0.28100327  -0.50421347   0.36849402  -0.26951580   0.83598697  -0.00000546  -0.00000009  -0.00000135
  1.02530826  -0.39025866  -0.01885716  -0.03567657  -0.13106821   0.94407000  -0.00000439   0.00000058   0.00000063
  0.89733922  -0.41621983   0.47046210  -0.43389550   0.03598081   0.85020245  -0.00000489   0.00000208   0.00000252
  0.57715704  -0.35301435   0.85867732  -0.74033930   0.19586103   0.57314364  -0.00000625   0.00000400   0.00000290
  0.13299346  -0.21396191   1.06185952  -0.88834262   0.31404136   0.17168067  -0.00000709   0.00000554   0.00000158
 -0.33977643  -0.02882241   1.03561224  -0.84507393   0.36479447  -0.26809390  -0.00000653   0.00000598  -0.00000032
 -0.73906756   0.16252611   0.78496753  -0.61878922   0.33674430  -0.65095977  -0.00000495   0.00000514  -0.00000124
 -0.97823880   0.31865821   0.36383875  -0.25806781   0.23567385  -0.89293931  -0.00000371   0.00000352  -0.00000050
 -1.00549019   0.40576375  -0.13635373   0.15790570   0.08377882  -0.94083667  -0.00000400   0.00000191   0.00000121
 -0.81565130   0.40527835  -0.60712747   0.53775107  -0.08536534  -0.78546377  -0.00000588   0.00000086   0.00000236
 -0.45079283   0.31785507  -0.94744781   0.79994359  -0.23504752  -0.46292824  -0.00000810   0.00000041   0.00000189
  0.01015242   0.16272020  -1.08554932   0.89058832  -0.33385183  -0.04394577  -0.00000912   0.00000021   0.00000010
  0.46899811  -0.02690613  -0.99308354   0.79246144  -0.36167935   0.38298316  -0.00000829  -0.00000001  -0.00000160
  0.82860170  -0.21083393  -0.68996711   0.52643150  -0.31293039   0.72890930  -0.00000630  -0.00000016  -0.00000183
  1.01244212  -0.35002719  -0.24019688   0.14753782  -0.19749122   0.92077243  -0.00000467   0.00000018  -0.00000032
  0.98062195  -0.41464831   0.26079026  -0.26457286  -0.03936531   0.91641759  -0.00000450   0.00000132   0.00000182
  0.73902496  -0.39055524   0.70577216  -0.62158758   0.12781369   0.71512792  -0.00000564   0.00000314   0.00000298
  0.33879627  -0.28261702   0.99878552  -0.84605561   0.26802152   0.35908309  -0.00000687   0.00000496   0.00000233
 -0.13433369  -0.11384089   1.07615195  -0.88873842   0.35083514  -0.07559160  -0.00000696   0.00000594   0.00000049
 -0.57840542   0.07949765   0.92052365  -0.73935579   0.35802164  -0.49514569  -0.00000570   0.00000564  -0.00000102
 -0.89721495   0.25560983   0.56507631  -0.42942969   0.28763842  -0.80801655  -0.00000412   0.00000427  -0.00000101
 -1.02155549   0.37632120   0.08681352  -0.02658019   0.15497126  -0.94530159  -0.00000365   0.00000256   0.00000044
 -0.92493741   0.41564753  -0.41035108   0.38044094  -0.01061702  -0.87756433  -0.00000492   0.00000123   0.00000202
 -0.62932252   0.36557030  -0.81913598   0.70317309  -0.17280737  -0.62173209  -0.00000719   0.00000054   0.00000232
 -0.19925082   0.23742000  -1.05266214   0.87394840  -0.29705082  -0.23513704  -0.00000889   0.00000028   0.00000099
  0.27316632   0.05887819  -1.06232161   0.85884537  -0.35778969   0.19946873  -0.00000887   0.00000008  -0.00000096
  0.68782129  -0.13212101  -0.84671998   0.66207695  -0.34278834   0.59138011  -0.00000723  -0.00000013  -0.00000195
  0.95681807  -0.29512977  -0.45142258   0.32432034  -0.25503303   0.85861404  -0.00000525  -0.00000006  -0.00000114
  1.02241622  -0.39538672   0.03999859  -0.08410408  -0.11252875   0.94365139  -0.00000437   0.00000071   0.00000092
  0.86966090  -0.41118963   0.52277637  -0.47636792   0.05470221   0.82657631  -0.00000504   0.00000229   0.00000268
  0.53042748  -0.33881045   0.89308935  -0.76769676   0.21077310   0.53108249  -0.00000642   0.00000421   0.00000284
  0.07711612  -0.19354728   1.07071462  -0.89448305   0.32188771   0.12001744  -0.00000712   0.00000565   0.00000137
 -0.39278287  -0.00654192   1.01669740  -0.82836301   0.36377035  -0.31822951  -0.00000639   0.00000592  -0.00000049
 -0.77765789   0.18186151   0.74213101  -0.58263545   0.32695965  -0.68847375  -0.00000476   0.00000495  -0.00000123
 -0.99395818   0.33084043   0.30627638  -0.21042032   0.21924643  -0.90937305  -0.00000365   0.00000330  -0.00000030
 -0.99498048   0.40817200  -0.19614094   0.20635845   0.06440083  -0.93259486  -0.00000417   0.00000173   0.00000142
 -0.78140762   0.39748774  -0.65625740   0.57631984  -0.10336945  -0.75472120  -0.00000616   0.00000076   0.00000241
 -0.40043190   0.30167624  -0.97559252   0.82054819  -0.24782177  -0.41678040  -0.00000831   0.00000035   0.00000174
  0.06575711   0.14170978  -1.08705736   0.88929251  -0.33882879   0.00760869  -0.00000912   0.00000016  -0.00000012
  0.51807509  -0.04825382  -0.96793847   0.76983721  -0.35795625   0.42924401  -0.00000808  -0.00000006  -0.00000170
  0.86082613  -0.22800377  -0.64363895   0.48720633  -0.30132186   0.76038369  -0.00000606  -0.00000017  -0.00000170
  1.02096168  -0.35937095  -0.18253597   0.09976901  -0.18037513   0.93084750  -0.00000456   0.00000026  -0.00000004
  0.96348655  -0.41412675   0.31748658  -0.31091116  -0.02028701   0.90275115  -0.00000458   0.00000151   0.00000206
  0.69970103  -0.38019309   0.74927016  -0.65659613   0.14482051   0.68034477  -0.00000582   0.00000337   0.00000302
  0.28555098  -0.26454252   1.01952610  -0.86205305   0.27928235   0.31039425  -0.00000697   0.00000512   0.00000217
 -0.19011378  -0.09187267   1.06937216  -0.88198851   0.35383309  -0.12780332  -0.00000689   0.00000595   0.00000027
 -0.62462910   0.10064172   0.88740723  -0.71103913   0.35198566  -0.53945112  -0.00000551   0.00000550  -0.00000110
 -0.92376659   0.27133724   0.51264132  -0.38564903   0.27381778  -0.83448241  -0.00000399   0.00000405  -0.00000088
 -1.02265728   0.38321907   0.02642530   0.02287693   0.13644624  -0.94799436  -0.00000372   0.00000236   0.00000067
 -0.90051410   0.41228740  -0.46560791   0.42453602  -0.02967892  -0.85613474  -0.00000517   0.00000109   0.00000216
 -0.58490816   0.35280524  -0.85750194   0.73242796  -0.18823754  -0.58131154  -0.00000746   0.00000047   0.00000225
 -0.14454832   0.21810856  -1.06624977   0.88250833  -0.30565799  -0.18470759  -0.00000899   0.00000023   0.00000077
  0.32649770   0.03719099  -1.04858908   0.84530660  -0.35792175   0.24928780  -0.00000874   0.00000003  -0.00000113
  0.72855507  -0.15158505  -0.80879020   0.62939331  -0.33450396   0.63036767  -0.00000697  -0.00000017  -0.00000193
  0.97635267  -0.30825177  -0.39738955   0.27919593  -0.24003764   0.87869795  -0.00000506  -0.00000003  -0.00000091
  1.01650630  -0.39934653   0.09864847  -0.13233660  -0.09390181   0.94045593  -0.00000437   0.00000085   0.00000121
  0.83937958  -0.40506608   0.57345931  -0.51750493   0.07305830   0.80049758  -0.00000520   0.00000250   0.00000282
  0.48206736  -0.32381850   0.92476273  -0.79281714   0.22492786   0.48741869  -0.00000657   0.00000441   0.00000276
  0.02095238  -0.17282452   1.07629025  -0.89793003   0.32872983   0.06798240  -0.00000712   0.00000573   0.00000115
 -0.44463968   0.01548863   0.99467170  -0.80908478   0.36170483  -0.36736571  -0.00000623   0.00000585  -0.00000065
 -0.81389492   0.20043297   0.69705457  -0.54464732   0.31633578  -0.72379110  -0.00000458   0.00000476  -0.00000118
 -1.00664733   0.34191195   0.24786524  -0.16213377   0.20239127  -0.92291335  -0.00000363   0.00000307  -0.00000009
 -0.98145994   0.40937752  -0.25519711   0.25410704   0.04511268  -0.92146885  -0.00000435   0.00000156   0.00000162
 -0.74484832   0.38867584  -0.70326971   0.61305902  -0.12080361  -0.72178093  -0.00000645   0.00000066   0.00000244
 -0.34893407   0.28487671  -1.00073198   0.83866877  -0.25970156  -0.36956371  -0.00000850   0.00000030   0.00000158
  0.12111582   0.12059838  -1.08532831   0.88540469  -0.34279402   0.05895772  -0.00000909   0.00000011  -0.00000034
  0.56560284  -0.06917521  -0.93998968   0.74501341  -0.35330693   0.47412473  -0.00000786  -0.00000011  -0.00000178
  0.89052224  -0.24431372  -0.59550126   0.44658056  -0.28904495   0.78958505  -0.00000582  -0.00000017  -0.00000155
  1.02648263  -0.36759583  -0.12442820   0.05167613  -0.16297626   0.93818704  -0.00000448   0.00000035   0.00000025
  0.94349280  -0.41245390   0.37315951  -0.35640303  -0.00137499   0.88642280  -0.00000469   0.00000170   0.00000229
  0.65826058  -0.36888625   0.79046352  -0.68972248   0.16123241   0.64352807  -0.00000599   0.00000359   0.00000303
  0.23139881  -0.24593435   1.03714730  -0.87549330   0.28962863   0.26075912  -0.00000705   0.00000526   0.00000199
 -0.24536704  -0.06990643   1.05932097  -0.87254060   0.35578110  -0.17961674  -0.00000679   0.00000595   0.00000007
 -0.66898099   0.12123667   0.85159344  -0.68049838   0.34499610  -0.58204353  -0.00000532   0.00000535  -0.00000115
 -0.94750900   0.28608327   0.45870399  -0.34066695   0.25937073  -0.85828477  -0.00000388   0.00000383  -0.00000073
 -1.02065513   0.38892577  -0.03392369   0.07221254   0.11778054  -0.94771361   0.00000000   0.00000000   0.00000000
