1.09383169920561096333 -0.00105587161559673667 0.00222329801004369620 1.07230559167916261742 -0.42503282138869535878 -2.73550958374899533254 
6378137.00000000000000000000 
806.81106492269884711277 
107.08826856294794538371 
0.00382719962632720569 
200.00000000000000000000 
1.00000000000000000000 
1.00000000000000000000 
1.00000000000000000000 
0.53544134281473976245 
2.00000000000000000000 
0.35324255255139075382 
1.00085352574724506525 
1.00000000000000000000 
109.09141650610514773234 
1.00000000000000000000 
0.00100000000000000002 
