  0.90986157  -0.05650622  -0.60930499   0.51211070  -0.19481131   0.78203756  -0.00000000   0.00000000   0.00000000
  0.94257300  -0.06944170  -0.55595600   0.46510100  -0.19161500   0.81168800  -0.00000000   0.00000000   0.00000000
  0.97208400  -0.08214140  -0.50071400   0.41650000  -0.18776700   0.83858300  -0.00000000   0.00000000   0.00000000
  0.99829400  -0.09456210  -0.44376700   0.36647200  -0.18328000   0.86262800  -0.00000000   0.00000000   0.00000000
  1.02111010  -0.10666101  -0.38530832   0.31518740  -0.17816941   0.88374009  -0.00000000   0.00000000   0.00000000
  1.04045972  -0.11839796  -0.32553679   0.26282150  -0.17245287   0.90184506  -0.00000000   0.00000000   0.00000000
  1.05626798  -0.12973297  -0.26465539   0.20955375  -0.16614928   0.91687978  -0.00000000   0.00000000   0.00000000
  1.06848757  -0.14062606  -0.20287198   0.15556563  -0.15927953   0.92879134  -0.00000000   0.00000000   0.00000000
  1.07707367  -0.15104189  -0.14039770   0.10104261  -0.15186759   0.93753846  -0.00000000   0.00000000   0.00000000
  1.08199837  -0.16094361  -0.07744445   0.04617121  -0.14393908   0.94308963  -0.00000000   0.00000000   0.00000000
  1.08324836  -0.17029828  -0.01422720  -0.00885970  -0.13552024   0.94542625  -0.00000000   0.00000000   0.00000000
  1.08081151  -0.17907395   0.04903868  -0.06386067  -0.12664114   0.94453928  -0.00000000   0.00000000   0.00000000
  1.07470027  -0.18724087   0.11213763  -0.11864315  -0.11733160   0.94043162  -0.00000000   0.00000000   0.00000000
  1.06493238  -0.19477072   0.17485355  -0.17301892  -0.10762291   0.93311851  -0.00000000   0.00000000   0.00000000
  1.05155187  -0.20163859   0.23697356  -0.22680118  -0.09754963   0.92262518  -0.00000000   0.00000000   0.00000000
  1.03459607  -0.20782095   0.29828625  -0.27980481  -0.08714624   0.90898886  -0.00000000   0.00000000   0.00000000
  1.01411676  -0.21329738   0.35858230  -0.33184863  -0.07644850   0.89225700  -0.00000000   0.00000000   0.00000000
  0.99019604  -0.21804869   0.41765652  -0.38275541  -0.06549288   0.87248816  -0.00000000   0.00000000   0.00000000
  0.96291091  -0.22205968   0.47530811  -0.43235033  -0.05431715   0.84975170  -0.00000000   0.00000000   0.00000000
  0.93235505  -0.22531639   0.53134091  -0.48046507  -0.04295974   0.82412690  -0.00000000   0.00000000   0.00000000
  0.89863286  -0.22780776   0.58556416  -0.52693613  -0.03145937   0.79570346  -0.00000000   0.00000000   0.00000000
  0.86186009  -0.22952533   0.63779413  -0.57160480  -0.01985546   0.76457910  -0.00000000   0.00000000   0.00000000
  0.82216188  -0.23046388   0.68785367  -0.61432081  -0.00818760   0.73086202  -0.00000000   0.00000000   0.00000000
  0.77967360  -0.23062061   0.73557255  -0.65494031   0.00350450   0.69466947  -0.00000000   0.00000000   0.00000000
  0.73454101  -0.22999492   0.78079018  -0.69332539   0.01518114   0.65612523  -0.00000000   0.00000000   0.00000000
  0.68691725  -0.22858956   0.82335225  -0.72934805   0.02680267   0.61536283  -0.00000000   0.00000000   0.00000000
  0.63696489  -0.22640949   0.86311631  -0.76288774   0.03832991   0.57252080  -0.00000000   0.00000000   0.00000000
  0.58485419  -0.22346153   0.89994698  -0.79383317   0.04972389   0.52774679  -0.00000000   0.00000000   0.00000000
  0.53076210  -0.21975738   0.93372075  -0.82208022   0.06094617   0.48119289  -0.00000000   0.00000000   0.00000000
  0.47487216  -0.21530856   0.96432343  -0.84753613   0.07195903   0.43301678  -0.00000000   0.00000000   0.00000000
  0.41737444  -0.21013103   0.99165169  -0.87011632   0.08272549   0.38338341  -0.00000000   0.00000000   0.00000000
  0.35846378  -0.20424131   1.01561656  -0.88974546   0.09320960   0.33246005  -0.00000000   0.00000000   0.00000000
  0.29833952  -0.19766107   1.03612960  -0.90636015   0.10337564   0.28041864  -0.00000000   0.00000000   0.00000000
  0.23720656  -0.19041139   1.05313445  -0.91990543   0.11319111   0.22743405  -0.00000000   0.00000000   0.00000000
  0.17527100  -0.18251721   1.06656549  -0.93033636   0.12262134   0.17368600  -0.00000000   0.00000000   0.00000000
  0.11274216  -0.17400573   1.07637245  -0.93761866   0.13163626   0.11935518  -0.00000000   0.00000000   0.00000000
  0.04983191  -0.16490583   1.08252617  -0.94172943   0.14020481   0.06462303  -0.00000000  -0.00000000   0.00000000
 -0.01324696  -0.15524876   1.08501650  -0.94265391   0.14829941   0.00967324  -0.00000000  -0.00000000   0.00000000
 -0.07628092  -0.14506609   1.08382557  -0.94039072   0.15589192  -0.04530899  -0.00000000  -0.00000000   0.00000000
 -0.13905662  -0.13439233   1.07896107  -0.93494590   0.16295734  -0.10013936  -0.00000000  -0.00000000   0.00000000
 -0.20136174  -0.12326488   1.07043655  -0.92633843   0.16947176  -0.15463368  -0.00000000  -0.00000000   0.00000000
 -0.26298663  -0.11171987   1.05827841  -0.91459629   0.17541390  -0.20860851  -0.00000000  -0.00000000  -0.00000000
 -0.32372099  -0.09979697   1.04253126  -0.89975773   0.18076358  -0.26188332  -0.00000000  -0.00000000  -0.00000000
 -0.38336026  -0.08753636   1.02324598  -0.88187205   0.18550168  -0.31427840  -0.00000000  -0.00000000  -0.00000000
 -0.44170229  -0.07497961   1.00048694  -0.86099871   0.18961350  -0.36561684  -0.00000000  -0.00000000  -0.00000000
 -0.49854928  -0.06216897   0.97433228  -0.83720552   0.19308358  -0.41572609  -0.00000000  -0.00000000  -0.00000000
 -0.55370771  -0.04914785   0.94486919  -0.81057088   0.19590080  -0.46443608  -0.00000000  -0.00000000  -0.00000000
 -0.60699086  -0.03596037   0.91219761  -0.78118354   0.19805534  -0.51158137  -0.00000000  -0.00000000  -0.00000000
 -0.65821830  -0.02265104   0.87642754  -0.74914078   0.19953977  -0.55700221  -0.00000000  -0.00000000  -0.00000000
 -0.70721487  -0.00926497   0.83767879  -0.71454963   0.20034836  -0.60054368  -0.00000000  -0.00000000  -0.00000000
 -0.75381422   0.00415250   0.79608365  -0.67752485   0.20047769  -0.64205704  -0.00000000  -0.00000000  -0.00000000
 -0.79785755   0.01755587   0.75178121  -0.63819081   0.19992787  -0.68140057  -0.00000000  -0.00000000  -0.00000000
 -0.83919392   0.03089969   0.70492184  -0.59667949   0.19869883  -0.71843827  -0.00000000  -0.00000000  -0.00000000
 -0.87768292   0.04413867   0.65566492  -0.55313103   0.19679558  -0.75304298  -0.00000000  -0.00000000  -0.00000000
 -0.91319334   0.05722787   0.60417603  -0.50769135   0.19422337  -0.78509492  -0.00000000  -0.00000000  -0.00000000
 -0.94560349   0.07012275   0.55063069  -0.46051433   0.19099116  -0.81448344  -0.00000000  -0.00000000  -0.00000000
 -0.97480227   0.08277948   0.49521091  -0.41176054   0.18710907  -0.84110563  -0.00000000  -0.00000000  -0.00000000
 -1.00069145   0.09515500   0.43810442  -0.36159591   0.18259087  -0.86486949  -0.00000000  -0.00000000  -0.00000000
 -1.02318003   0.10720734   0.37950471  -0.31019115   0.17745066  -0.88569218  -0.00000000  -0.00000000  -0.00000000
 -1.04219015   0.11889553   0.31961214  -0.25772145   0.17170666  -0.90350090  -0.00000000  -0.00000000  -0.00000000
 -1.05765519   0.13017975   0.25862989  -0.20436577   0.16537799  -0.91823356  -0.00000000  -0.00000000   0.00000000
 -1.06953269   0.14102106   0.19676694  -0.15030794   0.15848615  -0.92983787  -0.00000000  -0.00000000   0.00000000
 -1.07777023   0.15138298   0.13423247  -0.09573321   0.15105457  -0.93827347  -0.00000000  -0.00000000   0.00000000
 -1.08233735   0.16123047   0.07124048  -0.04082874   0.14310834  -0.94350987  -0.00000000  -0.00000000   0.00000000
 -1.08322966   0.17052903   0.00800565   0.01421725   0.13467520  -0.94553013  -0.00000000  -0.00000000   0.00000000
 -1.08043257   0.17924774  -0.05525652   0.06921508   0.12578463  -0.94432533  -0.00000000  -0.00000000   0.00000000
 -1.07396454   0.18735718  -0.11833016   0.12397617   0.11646588  -0.93990093  -0.00000000  -0.00000000   0.00000000
 -1.06384237   0.19482921  -0.18100053   0.17831234   0.10675181  -0.93227237  -0.00000000  -0.00000000   0.00000000
 -1.05010338   0.20163876  -0.24305410   0.23203744   0.09667582  -0.92146628  -0.00000000  -0.00000000   0.00000000
 -1.03279217   0.20776254  -0.30427902   0.28496620   0.08627240  -0.90752017  -0.00000000  -0.00000000   0.00000000
 -1.01197214   0.21318076  -0.36446600   0.33691777   0.07557742  -0.89048295  -0.00000000  -0.00000000   0.00000000
 -0.98771534   0.21787429  -0.42341129   0.38771481   0.06462760  -0.87041530  -0.00000000  -0.00000000   0.00000000
 -0.96010188   0.22182727  -0.48091406   0.43718323   0.05346053  -0.84738680  -0.00000000  -0.00000000   0.00000000
 -0.92922649   0.22502616  -0.53677871   0.48515458   0.04211468  -0.82147677  -0.00000000  -0.00000000   0.00000000
 -0.89519565   0.22746086  -0.59081490   0.53146565   0.03062880  -0.79277630  -0.00000000  -0.00000000   0.00000000
 -0.85812500   0.22912376  -0.64283974   0.57595966   0.01904223  -0.76138563  -0.00000000  -0.00000000   0.00000000
 -0.81814172   0.23000903  -0.69267649   0.61848543   0.00739441  -0.72741295  -0.00000000  -0.00000000   0.00000000
 -0.77538185   0.23011315  -0.74015668   0.65889904  -0.00427496  -0.69097630  -0.00000000  -0.00000000   0.00000000
 -0.72999131   0.22943716  -0.78511934   0.69706525  -0.01592622  -0.65220085  -0.00000000  -0.00000000   0.00000000
 -0.68212486   0.22798255  -0.82741177   0.73285680  -0.02751978  -0.61121935  -0.00000000  -0.00000000   0.00000000
 -0.63194623   0.22575559  -0.86689112   0.76615249  -0.03901652  -0.56817292  -0.00000000  -0.00000000   0.00000000
 -0.57962601   0.22276329  -0.90342496   0.79684154  -0.05037760  -0.52320824  -0.00000000  -0.00000000   0.00000000
 -0.52534101   0.21901595  -0.93688907   0.82482303  -0.06156473  -0.47647951  -0.00000000  -0.00000000   0.00000000
 -0.46927705   0.21452681  -0.96717074   0.85000316  -0.07254038  -0.42814530  -0.00000000  -0.00000000   0.00000000
 -0.41162396   0.20931087  -0.99416842   0.87229901  -0.08326756  -0.37836989  -0.00000000  -0.00000000   0.00000000
 -0.35257701   0.20338666  -1.01778762   0.89163630  -0.09371041  -0.32732181  -0.00000000   0.00000000   0.00000000
 -0.29233639   0.19677411  -1.03795843   0.90795154  -0.10383391  -0.27517200  -0.00000000   0.00000000   0.00000000
 -0.23110630   0.18949529  -1.05459938   0.92119148  -0.11360483  -0.22209825  -0.00000000   0.00000000   0.00000000
 -0.16909432   0.18157525  -1.06767179   0.93131291  -0.12299000  -0.16827777  -0.00000001   0.00000000   0.00000000
 -0.10651008   0.17304142  -1.07711822   0.93828219  -0.13195780  -0.11389347  -0.00000001   0.00000000   0.00000000
 -0.04356600   0.16392179  -1.08290547   0.94207719  -0.14047802  -0.05912697  -0.00000002   0.00000001   0.00000000
  0.01952550   0.15424766  -1.08502372   0.94268486  -0.14852283  -0.00416170  -0.00000006   0.00000002   0.00000001
  0.08255091   0.14405155  -1.08346618   0.94010354  -0.15606559   0.05081744  -0.00020268   0.00008990   0.00003207
  0.14528328   0.13337467  -1.07822441   0.93413961  -0.16299044   0.10565737  -0.00008990   0.00004565   0.00001257
  0.20751866   0.12224979  -1.06933044   0.92512768  -0.16940899   0.16012474  -0.00000003   0.00000002   0.00000000
  0.26905158   0.11071032  -1.05680492   0.91307489  -0.17530027   0.21404172  -0.00000001   0.00000001   0.00000000
  0.32967430   0.09879676  -1.04069891   0.89793003  -0.18060008   0.26724181  -0.00000001   0.00000000   0.00000000
  0.38918089   0.08654878  -1.02105344   0.87974309  -0.18528945   0.31954506  -0.00000000   0.00000000   0.00000000
  0.44737052   0.07400781  -0.99794496   0.85857374  -0.18935280   0.37077605  -0.00000000   0.00000000   0.00000000
  0.50404474   0.06121627  -0.97144825   0.83449096  -0.19277518   0.42076124  -0.00000000   0.00000000   0.00000000
  0.55901177   0.04821736  -0.94165240   0.80757394  -0.19554558   0.46933246  -0.00000000   0.00000000   0.00000000
  0.61208479   0.03505513  -0.90865755   0.77791211  -0.19765453   0.51632431  -0.00000000   0.00000000   0.00000000
  0.66308349   0.02177417  -0.87257583   0.74560328  -0.19909418   0.56157734  -0.00000000   0.00000000   0.00000000
  0.71183411   0.00841938  -0.83352726   0.71075423  -0.19985960   0.60493764  -0.00000000   0.00000000   0.00000000
  0.75817062  -0.00496397  -0.79164431   0.67348075  -0.19994728   0.64625686  -0.00000000   0.00000000   0.00000000
  0.80193533  -0.01833051  -0.74706807   0.63390830  -0.19935658   0.68539308  -0.00000000   0.00000000   0.00000000
  0.84297801  -0.03163480  -0.69994929   0.59216824  -0.19808845   0.72221061  -0.00000000   0.00000000   0.00000000
  0.88115818  -0.04483168  -0.65044732   0.54840059  -0.19614731   0.75658363  -0.00000000   0.00000000   0.00000000
  0.91634479  -0.05787628  -0.59872977   0.50275271  -0.19353881   0.78839201  -0.00000000   0.00000000   0.00000000
  0.94841835  -0.07072421  -0.54497254   0.45537845  -0.19027170   0.81752589  -0.00000000   0.00000000   0.00000000
  0.97726730  -0.08333167  -0.48935776   0.40643879  -0.18635700   0.84388344  -0.00000000   0.00000000   0.00000000
  1.00279719  -0.09565578  -0.43207422   0.35609995  -0.18180623   0.86737178  -0.00000000   0.00000000   0.00000000
  1.02491456  -0.10765401  -0.37331735   0.30453301  -0.17663541   0.88790901  -0.00000000   0.00000000   0.00000000
  1.04354538  -0.11928672  -0.31328597   0.25191479  -0.17086197   0.90542244  -0.00000000   0.00000000   0.00000000
  1.05861550  -0.13051343  -0.25218544   0.19842458  -0.16450591   0.91985020  -0.00000000   0.00000000   0.00000000
  1.07009125  -0.14129581  -0.19022473   0.14424478  -0.15758789   0.93114128  -0.00000000   0.00000000   0.00000000
  1.07791508  -0.15159710  -0.12761394   0.08956243  -0.15013180   0.93925452  -0.00000000   0.00000000   0.00000000
  1.08206690  -0.16138128  -0.06456736   0.03456468  -0.14216269   0.94416112  -0.00000000   0.00000000   0.00000000
  1.08253476  -0.17061598  -0.00130020  -0.02055937  -0.13370786   0.94584286  -0.00000000   0.00000000   0.00000000
  1.07931988  -0.17926888   0.06197137  -0.07561970  -0.12479683   0.94429313  -0.00000000   0.00000000   0.00000000
  1.07242367  -0.18731117   0.12503109  -0.13042651  -0.11545952   0.93951685  -0.00000000   0.00000000   0.00000000
  1.06187635  -0.19471563   0.18766378  -0.18479067  -0.10572893   0.93153058  -0.00000000   0.00000000   0.00000000
  1.04770988  -0.20145654   0.24965491  -0.23852491  -0.09563782   0.92036097  -0.00000000   0.00000000   0.00000000
  1.02997028  -0.20751050   0.31079276  -0.29144478  -0.08522116   0.90604751  -0.00000000   0.00000000   0.00000000
  1.00871702  -0.21285731   0.37086917  -0.34336823  -0.07451479   0.88863905  -0.00000000   0.00000000   0.00000000
  0.98403020  -0.21747963   0.42967818  -0.39411694  -0.06355552   0.86819622  -0.00000000   0.00000000   0.00000000
  0.95599059  -0.22136093   0.48701929  -0.44351731  -0.05238105   0.84479061  -0.00000000   0.00000000   0.00000000
  0.92469429  -0.22448814   0.54269719  -0.49139981  -0.04102975   0.81850316  -0.00000000   0.00000000   0.00000000
  0.89024850  -0.22685082   0.59652189  -0.53760042  -0.02954061   0.78942454  -0.00000000   0.00000000   0.00000000
  0.85277122  -0.22844112   0.64830980  -0.58196134  -0.01795306   0.75765671  -0.00000000   0.00000000   0.00000000
  0.81239062  -0.22925333   0.69788434  -0.62433236  -0.00630675   0.72330872  -0.00000000   0.00000000   0.00000000
  0.76924468  -0.22928534   0.74507722  -0.66456904   0.00535850   0.68650020  -0.00000000   0.00000000   0.00000000
  0.72348107  -0.22853678   0.78972797  -0.70253539   0.01700284   0.64735777  -0.00000000   0.00000000   0.00000000
  0.67525613  -0.22701062   0.83168439  -0.73810254   0.02858666   0.60601569  -0.00000000   0.00000000   0.00000000
  0.62473494  -0.22471218   0.87080374  -0.77115126   0.04007057   0.56261734  -0.00000000   0.00000000   0.00000000
  0.57208871  -0.22164963   0.90695352  -0.80156982   0.05141556   0.51730997  -0.00000000   0.00000000   0.00000000
  0.51749712  -0.21783356   0.94001113  -0.82925694   0.06258320   0.47024992  -0.00000000   0.00000000   0.00000000
  0.46114723  -0.21327675   0.96986519  -0.85411961   0.07353577   0.42159677  -0.00000001   0.00000000   0.00000000
  0.40322958  -0.20799533   0.99641463  -0.87607528   0.08423621   0.37151718  -0.00000001   0.00000000   0.00000000
  0.34394187  -0.20200729   1.01956794  -0.89504992   0.09464852   0.32018029  -0.00000002   0.00000000   0.00000001
  0.28348607  -0.19533295   1.03925335  -0.91098175   0.10473812   0.26776102  -0.00000005   0.00000001   0.00000001
  0.22206723  -0.18799477   1.05539229  -0.92381669   0.11446962   0.21443802  -0.00020423   0.00001776   0.00005015
  0.15988068  -0.18001680   1.06794323  -0.93371668   0.12382939   0.16044010  -0.00025110   0.00001016   0.00005181
  0.09713395  -0.17142721   1.07686044  -0.94049185   0.13276003   0.10590280  -0.00025320  -0.00000132   0.00004263
  0.03404047  -0.16225564   1.08211710  -0.94407475   0.14122760   0.05099973  -0.00025396  -0.00001282   0.00003343
 -0.02918565  -0.15253408   1.08368684  -0.94445193   0.14920412  -0.00408217  -0.00000004  -0.00000000   0.00000000
 -0.09231268  -0.14229435   1.08156851  -0.94136914   0.15668660  -0.05918042  -0.00000002  -0.00000000   0.00000000
 -0.15512624  -0.13157207   1.07576616  -0.93508994   0.16363601  -0.11407436  -0.00000001  -0.00000000   0.00000000
 -0.21741291  -0.12040282   1.06630469  -0.92563618   0.17002952  -0.16857787  -0.00000001  -0.00000000  -0.00000000
 -0.27896141  -0.10882436   1.05320845  -0.91304112   0.17584610  -0.22250567  -0.00000001  -0.00000000  -0.00000000
 -0.33956319  -0.09687691   1.03653455  -0.89734700   0.18106512  -0.27567575  -0.00000000  -0.00000000  -0.00000000
 -0.39901243  -0.08460063   1.01632749  -0.87860694   0.18567028  -0.32790581  -0.00000000  -0.00000000  -0.00000000
 -0.45710747  -0.07203716   0.99266310  -0.85688396   0.18964504  -0.37901954  -0.00000000  -0.00000000  -0.00000000
 -0.51365028  -0.05922913   0.96561982  -0.83225327   0.19297550  -0.42884267  -0.00000000  -0.00000000  -0.00000000
 -0.56845010  -0.04622007   0.93529059  -0.80479757   0.19565073  -0.47720526  -0.00000000  -0.00000000  -0.00000000
 -0.62131961  -0.03305407   0.90177796  -0.77461033   0.19766182  -0.52394299  -0.00000000  -0.00000000  -0.00000000
 -0.67208041  -0.01977595   0.86519601  -0.74179453   0.19900212  -0.56889573  -0.00000000  -0.00000000  -0.00000000
 -0.72055973  -0.00643068   0.82566921  -0.70646137   0.19966686  -0.61191152  -0.00000000  -0.00000000  -0.00000000
 -0.76659374   0.00693641   0.78333223  -0.66873262   0.19965376  -0.65284256  -0.00000000  -0.00000000  -0.00000000
 -0.81002588   0.02027991   0.73832877  -0.62873624   0.19896336  -0.69154987  -0.00000000  -0.00000000  -0.00000000
 -0.85070906   0.03355464   0.69081371  -0.58660822   0.19759732  -0.72790066  -0.00000000  -0.00000000  -0.00000000
 -0.88850538   0.04671546   0.64094742  -0.54249328   0.19556100  -0.76177179  -0.00000000  -0.00000000  -0.00000000
 -0.92328640   0.05971777   0.58890033  -0.49654305   0.19286129  -0.79304739  -0.00000000  -0.00000000  -0.00000000
 -0.95493564   0.07251741   0.53485019  -0.44891428   0.18950782  -0.82162107  -0.00000000  -0.00000000  -0.00000000
 -0.98334460   0.08507104   0.47898037  -0.39977138   0.18551216  -0.84739526  -0.00000000  -0.00000000  -0.00000000
 -1.00842251   0.09733611   0.42148222  -0.34928221   0.18088793  -0.87028310  -0.00000000  -0.00000000  -0.00000000
 -1.03008088   0.10927067   0.36255047  -0.29762109   0.17565241  -0.89020659  -0.00000000  -0.00000000  -0.00000000
 -1.04824166   0.12083491   0.30238663  -0.24496488   0.16982291  -0.90709856  -0.00000000  -0.00000000  -0.00000000
 -1.06285193   0.13199016   0.24119454  -0.19149329   0.16341896  -0.92090377  -0.00000000  -0.00000000   0.00000000
 -1.07385932   0.14269800   0.17918388  -0.13739134   0.15646344  -0.93157674  -0.00000000  -0.00000000   0.00000000
 -1.08122893   0.15292262   0.11656476  -0.08284364   0.14898065  -0.93908225  -0.00000000  -0.00000000   0.00000000
 -1.08493854   0.16262930   0.05354954  -0.02803712   0.14099647  -0.94339769  -0.00000000  -0.00000000   0.00000000
 -1.08498232   0.17178621  -0.00964737   0.02684079   0.13253930  -0.94451111  -0.00000000  -0.00000000   0.00000000
 -1.08135437   0.18036157  -0.07281153   0.08160197   0.12363749  -0.94242138  -0.00000000  -0.00000000   0.00000000
 -1.07406680   0.18832683  -0.13572874   0.13605963   0.11432230  -0.93713818  -0.00000000  -0.00000000   0.00000000
 -1.06314903   0.19565581  -0.19818589   0.19002982   0.10462592  -0.92868359  -0.00000000  -0.00000000   0.00000000
 -1.04863792   0.20232455  -0.25997184   0.24332822   0.09458144  -0.91708911  -0.00000000  -0.00000000   0.00000000
 -1.03059123   0.20830958  -0.32087844   0.29577512   0.08422348  -0.90239807  -0.00000000  -0.00000000   0.00000000
 -1.00906875   0.21359174  -0.38069916   0.34719330   0.07358762  -0.88466439  -0.00000000  -0.00000000   0.00000000
 -0.98414381   0.21815396  -0.43923341   0.39741015   0.06271026  -0.86395139  -0.00000000  -0.00000000   0.00000000
 -0.95590251   0.22198178  -0.49628299   0.44625684   0.05162846  -0.84033310  -0.00000000  -0.00000000   0.00000000
 -0.92444259   0.22506140  -0.55165754   0.49357064   0.04037980  -0.81389320  -0.00000001  -0.00000001   0.00000000
 -0.88987092   0.22738376  -0.60517031   0.53919465   0.02900233  -0.78472488  -0.00000001  -0.00000001   0.00000001
 -0.85230686   0.22894122  -0.65664223   0.58297722   0.01753457  -0.75292917  -0.00000005  -0.00000003   0.00000003
 -0.81187765   0.22972913  -0.70590168   0.62477307   0.00601500  -0.71861654  -0.00005211  -0.00002673   0.00002352
 -0.76872514   0.22974428  -0.75278145   0.66439355  -0.00554436  -0.68188244  -0.00013656  -0.00006078   0.00006027
 -0.72300142   0.22898350  -0.79712371   0.70167611  -0.01711218  -0.64283880  -0.00000005  -0.00000002   0.00000002
 -0.67485224   0.22745481  -0.83878416   0.73672104  -0.02855524  -0.60171651  -0.00000002  -0.00000001   0.00000001
 -0.62444009   0.22516303  -0.87762446   0.76927646  -0.03989624  -0.55859371  -0.00000001  -0.00000000   0.00000000
 -0.57193487   0.22211675  -0.91351628   0.79923809  -0.05109780  -0.51361601  -0.00000001  -0.00000000   0.00000000
 -0.51751370   0.21832690  -0.94633988   0.82650916  -0.06212294  -0.46693487  -0.00000000  -0.00000000   0.00000000
 -0.46135955   0.21380609  -0.97598583   0.85100151  -0.07293549  -0.41870648  -0.00000000  -0.00000000   0.00000000
 -0.40366130   0.20856934  -1.00235499   0.87263701  -0.08349989  -0.36909139  -0.00000000  -0.00000000   0.00000000
 -0.34461286   0.20263449  -1.02536503   0.89134690  -0.09378163  -0.31825402  -0.00000000   0.00000000   0.00000000
 -0.28441234   0.19602184  -1.04493727   0.90707123  -0.10374666  -0.26636343  -0.00000000   0.00000000   0.00000000
 -0.22326029   0.18875420  -1.06100139   0.91975918  -0.11336244  -0.21359028  -0.00000000   0.00000000   0.00000000
 -0.16136165   0.18085569  -1.07350809   0.92936971  -0.12259835  -0.16010877  -0.00000000   0.00000000   0.00000000
 -0.09892374   0.17235237  -1.08242051   0.93587294  -0.13142333  -0.10609468  -0.00000000   0.00000000   0.00000000
 -0.03615518   0.16327259  -1.08770791   0.93924801  -0.13980919  -0.05172666  -0.00000000   0.00000000   0.00000000
  0.02673422   0.15364724  -1.08934809   0.93948319  -0.14772763   0.00281672  -0.00000000   0.00000000   0.00000000
  0.08953428   0.14350878  -1.08733486   0.93657779  -0.15515285   0.05735630   0.00000000   0.00000000   0.00000000
