  1.09533859   0.00469140   1.71297416   6.28309617   0.97975619   3.12870646 
  1.09533859   0.00469140   1.71297416   6.28310737   0.97972065  -3.09663859 
  1.09533859   0.00469140   1.71297416   6.28311857   0.97968510  -3.03879688 
  1.09533859   0.00469140   1.71297416   6.28312977   0.97964955  -2.98095197 
  1.09533859   0.00469140   1.71297416   6.28314097   0.97961400  -2.92310202 
  1.09533859   0.00469140   1.71297416   6.28315217   0.97957845  -2.86524523 
  1.09533859   0.00469140   1.71297416   6.28316337   0.97954291  -2.80737980 
  1.09533859   0.00469140   1.71297416   6.28317456   0.97950736  -2.74950405 
  1.09533859   0.00469140   1.71297416   0.00000045   0.97947181  -2.69161625 
  1.09533859   0.00469140   1.71297416   0.00001165   0.97943626  -2.63371466 
  1.09533859   0.00469140   1.71297416   0.00002285   0.97940072  -2.57579776 
  1.09533859   0.00469140   1.71297416   0.00003405   0.97936517  -2.51786393 
  1.09533859   0.00469140   1.71297416   0.00004525   0.97932962  -2.45991162 
  1.09533859   0.00469140   1.71297416   0.00005645   0.97929407  -2.40193935 
  1.09533859   0.00469140   1.71297416   0.00006765   0.97925852  -2.34394578 
  1.09533859   0.00469140   1.71297416   0.00007884   0.97922298  -2.28592956 
  1.09533859   0.00469140   1.71297416   0.00009004   0.97918743  -2.22788941 
  1.09533859   0.00469140   1.71297416   0.00010124   0.97915188  -2.16982412 
  1.09533859   0.00469140   1.71297416   0.00011244   0.97911633  -2.11173267 
  1.09533859   0.00469140   1.71297416   0.00012364   0.97908078  -2.05361401 
  1.09533859   0.00469140   1.71297416   0.00013484   0.97904524  -1.99546716 
  1.09533859   0.00469140   1.71297416   0.00014604   0.97900969  -1.93729139 
  1.09533859   0.00469140   1.71297416   0.00015723   0.97897414  -1.87908592 
  1.09533859   0.00469140   1.71297416   0.00016843   0.97893859  -1.82085011 
  1.09533859   0.00469140   1.71297416   0.00017963   0.97890304  -1.76258338 
  1.09533859   0.00469140   1.71297416   0.00019083   0.97886750  -1.70428539 
  1.09533859   0.00469140   1.71297416   0.00020203   0.97883195  -1.64595577 
  1.09533859   0.00469140   1.71297416   0.00021323   0.97879640  -1.58759425 
  1.09533859   0.00469140   1.71297416   0.00022442   0.97876085  -1.52920080 
  1.09533859   0.00469140   1.71297416   0.00023562   0.97872530  -1.47077539 
  1.09533859   0.00469140   1.71297416   0.00024682   0.97868976  -1.41231812 
  1.09533859   0.00469140   1.71297416   0.00025802   0.97865421  -1.35382916 
  1.09533859   0.00469140   1.71297416   0.00026922   0.97861866  -1.29530892 
  1.09533859   0.00469140   1.71297416   0.00028042   0.97858311  -1.23675779 
  1.09533859   0.00469140   1.71297416   0.00029162   0.97854757  -1.17817627 
  1.09533859   0.00469140   1.71297416   0.00030281   0.97851202  -1.11956508 
  1.09533859   0.00469140   1.71297416   0.00031401   0.97847647  -1.06092495 
  1.09533859   0.00469140   1.71297416   0.00032521   0.97844092  -1.00225671 
  1.09533859   0.00469140   1.71297416   0.00033641   0.97840537  -0.94356128 
  1.09533859   0.00469140   1.71297416   0.00034761   0.97836983  -0.88483979 
  1.09533859   0.00469140   1.71297416   0.00035881   0.97833428  -0.82609334 
  1.09533859   0.00469140   1.71297416   0.00037000   0.97829873  -0.76732314 
  1.09533859   0.00469140   1.71297416   0.00038120   0.97826318  -0.70853048 
  1.09533859   0.00469140   1.71297416   0.00039240   0.97822763  -0.64971684 
  1.09533859   0.00469140   1.71297416   0.00040360   0.97819209  -0.59088363 
  1.09533859   0.00469140   1.71297416   0.00041480   0.97815654  -0.53203235 
  1.09533859   0.00469140   1.71297416   0.00042600   0.97812099  -0.47316470 
  1.09533859   0.00469140   1.71297416   0.00043720   0.97808544  -0.41428229 
  1.09533859   0.00469140   1.71297416   0.00044839   0.97804989  -0.35538685 
  1.09533859   0.00469140   1.71297416   0.00045959   0.97801435  -0.29648009 
  1.09533859   0.00469140   1.71297416   0.00047079   0.97797880  -0.23756390 
  1.09533859   0.00469140   1.71297416   0.00048199   0.97794325  -0.17864008 
  1.09533859   0.00469140   1.71297416   0.00049319   0.97790770  -0.11971046 
  1.09533859   0.00469140   1.71297416   0.00050439   0.97787215  -0.06077702 
  1.09533859   0.00469140   1.71297416   0.00051559   0.97783661  -0.00184160 
  1.09533859   0.00469140   1.71297416   0.00052678   0.97780106   0.05709388 
  1.09533859   0.00469140   1.71297416   0.00053798   0.97776551   0.11602755 
  1.09533859   0.00469140   1.71297416   0.00054918   0.97772996   0.17495742 
  1.09533859   0.00469140   1.71297416   0.00056038   0.97769441   0.23388165 
  1.09533859   0.00469140   1.71297416   0.00057158   0.97765887   0.29279842 
  1.09533859   0.00469140   1.71297416   0.00058278   0.97762332   0.35170578 
  1.09533859   0.00469140   1.71297416   0.00059397   0.97758777   0.41060198 
  1.09533859   0.00469140   1.71297416   0.00060517   0.97755222   0.46948525 
  1.09533859   0.00469140   1.71297416   0.00061637   0.97751668   0.52835392 
  1.09533859   0.00469140   1.71297416   0.00062757   0.97748113   0.58720622 
  1.09533859   0.00469140   1.71297416   0.00063877   0.97744558   0.64604061 
  1.09533859   0.00469140   1.71297416   0.00064997   0.97741003   0.70485552 
  1.09533859   0.00469140   1.71297416   0.00066117   0.97737448   0.76364954 
  1.09533859   0.00469140   1.71297416   0.00067236   0.97733894   0.82242117 
  1.09533859   0.00469140   1.71297416   0.00068356   0.97730339   0.88116915 
  1.09533859   0.00469140   1.71297416   0.00069476   0.97726784   0.93989228 
  1.09533859   0.00469140   1.71297416   0.00070596   0.97723229   0.99858933 
  1.09533859   0.00469140   1.71297416   0.00071716   0.97719674   1.05725929 
  1.09533859   0.00469140   1.71297416   0.00072836   0.97716120   1.11590120 
  1.09533859   0.00469140   1.71297416   0.00073956   0.97712565   1.17451426 
  1.09533859   0.00469140   1.71297416   0.00075075   0.97709010   1.23309762 
  1.09533859   0.00469140   1.71297416   0.00076195   0.97705455   1.29165066 
  1.09533859   0.00469140   1.71297416   0.00077315   0.97701900   1.35017289 
  1.09533859   0.00469140   1.71297416   0.00078435   0.97698346   1.40866377 
  1.09533859   0.00469140   1.71297416   0.00079555   0.97694791   1.46712303 
  1.09533859   0.00469140   1.71297416   0.00080675   0.97691236   1.52555044 
  1.09533859   0.00469140   1.71297416   0.00081794   0.97687681   1.58394592 
  1.09533859   0.00469140   1.71297416   0.00082914   0.97684126   1.64230940 
  1.09533859   0.00469140   1.71297416   0.00084034   0.97680572   1.70064101 
  1.09533859   0.00469140   1.71297416   0.00085154   0.97677017   1.75894101 
  1.09533859   0.00469140   1.71297416   0.00086274   0.97673462   1.81720964 
  1.09533859   0.00469140   1.71297416   0.00087394   0.97669907   1.87544737 
  1.09533859   0.00469140   1.71297416   0.00088514   0.97666353   1.93365472 
  1.09533859   0.00469140   1.71297416   0.00089633   0.97662798   1.99183236 
  1.09533859   0.00469140   1.71297416   0.00090753   0.97659243   2.04998095 
  1.09533859   0.00469140   1.71297416   0.00091873   0.97655688   2.10810134 
  1.09533859   0.00469140   1.71297416   0.00092993   0.97652133   2.16619446 
  1.09533859   0.00469140   1.71297416   0.00094113   0.97648579   2.22426136 
  1.09533859   0.00469140   1.71297416   0.00095233   0.97645024   2.28230304 
  1.09533859   0.00469140   1.71297416   0.00096352   0.97641469   2.34032073 
  1.09533859   0.00469140   1.71297416   0.00097472   0.97637914   2.39831571 
  1.09533859   0.00469140   1.71297416   0.00098592   0.97634359   2.45628924 
  1.09533859   0.00469140   1.71297416   0.00099712   0.97630805   2.51424275 
  1.09533859   0.00469140   1.71297416   0.00100832   0.97627250   2.57217770 
  1.09533859   0.00469140   1.71297416   0.00101952   0.97623695   2.63009565 
  1.09533859   0.00469140   1.71297416   0.00103072   0.97620140   2.68799810 
  1.09533859   0.00469140   1.71297416   0.00104191   0.97616585   2.74588672 
  1.09533859   0.00469140   1.71297416   0.00105311   0.97613031   2.80376321 
  1.09533859   0.00469140   1.71297416   0.00106431   0.97609476   2.86162920 
  1.09533859   0.00469140   1.71297416   0.00107551   0.97605921   2.91948647 
  1.09533859   0.00469140   1.71297416   0.00108671   0.97602366   2.97733680 
  1.09533859   0.00469140   1.71297416   0.00109791   0.97598811   3.03518201 
  1.09533859   0.00469140   1.71297416   0.00110911   0.97595257   3.09302383 
  1.09533859   0.00469140   1.71297416   0.00112030   0.97591702  -3.13232119 
  1.09533859   0.00469140   1.71297416   0.00113150   0.97588147  -3.07448056 
  1.09533859   0.00469140   1.71297416   0.00114270   0.97584592  -3.01663787 
  1.09533859   0.00469140   1.71297416   0.00115390   0.97581037  -2.95879124 
  1.09533859   0.00469140   1.71297416   0.00116510   0.97577483  -2.90093888 
  1.09533859   0.00469140   1.71297416   0.00117630   0.97573928  -2.84307896 
  1.09533859   0.00469140   1.71297416   0.00118749   0.97570373  -2.78520981 
  1.09533859   0.00469140   1.71297416   0.00119869   0.97566818  -2.72732964 
  1.09533859   0.00469140   1.71297416   0.00120989   0.97563264  -2.66943677 
  1.09533859   0.00469140   1.71297416   0.00122109   0.97559709  -2.61152950 
  1.09533859   0.00469140   1.71297416   0.00123229   0.97556154  -2.55360629 
  1.09533859   0.00469140   1.71297416   0.00124349   0.97552599  -2.49566556 
  1.09533859   0.00469140   1.71297416   0.00125469   0.97549044  -2.43770574 
  1.09533859   0.00469140   1.71297416   0.00126588   0.97545490  -2.37972550 
  1.09533859   0.00469140   1.71297416   0.00127708   0.97541935  -2.32172341 
  1.09533859   0.00469140   1.71297416   0.00128828   0.97538380  -2.26369816 
  1.09533859   0.00469140   1.71297416   0.00129948   0.97534825  -2.20564849 
  1.09533859   0.00469140   1.71297416   0.00131068   0.97531270  -2.14757333 
  1.09533859   0.00469140   1.71297416   0.00132188   0.97527716  -2.08947157 
  1.09533859   0.00469140   1.71297416   0.00133307   0.97524161  -2.03134219 
  1.09533859   0.00469140   1.71297416   0.00134427   0.97520606  -1.97318439 
  1.09533859   0.00469140   1.71297416   0.00135547   0.97517051  -1.91499732 
  1.09533859   0.00469140   1.71297416   0.00136667   0.97513496  -1.85678030 
  1.09533859   0.00469140   1.71297416   0.00137787   0.97509942  -1.79853268 
  1.09533859   0.00469140   1.71297416   0.00138907   0.97506387  -1.74025404 
  1.09533859   0.00469140   1.71297416   0.00140027   0.97502832  -1.68194397 
  1.09533859   0.00469140   1.71297416   0.00141146   0.97499277  -1.62360212 
  1.09533859   0.00469140   1.71297416   0.00142266   0.97495722  -1.56522840 
  1.09533859   0.00469140   1.71297416   0.00143386   0.97492168  -1.50682270 
  1.09533859   0.00469140   1.71297416   0.00144506   0.97488613  -1.44838507 
  1.09533859   0.00469140   1.71297416   0.00145626   0.97485058  -1.38991560 
  1.09533859   0.00469140   1.71297416   0.00146746   0.97481503  -1.33141464 
  1.09533859   0.00469140   1.71297416   0.00147866   0.97477949  -1.27288251 
  1.09533859   0.00469140   1.71297416   0.00148985   0.97474394  -1.21431968 
  1.09533859   0.00469140   1.71297416   0.00150105   0.97470839  -1.15572670 
  1.09533859   0.00469140   1.71297416   0.00151225   0.97467284  -1.09710433 
  1.09533859   0.00469140   1.71297416   0.00152345   0.97463729  -1.03845333 
  1.09533859   0.00469140   1.71297416   0.00153465   0.97460175  -0.97977453 
  1.09533859   0.00469140   1.71297416   0.00154585   0.97456620  -0.92106901 
  1.09533859   0.00469140   1.71297416   0.00155704   0.97453065  -0.86233782 
  1.09533859   0.00469140   1.71297416   0.00156824   0.97449510  -0.80358212 
  1.09533859   0.00469140   1.71297416   0.00157944   0.97445955  -0.74480313 
  1.09533859   0.00469140   1.71297416   0.00159064   0.97442401  -0.68600229 
  1.09533859   0.00469140   1.71297416   0.00160184   0.97438846  -0.62718097 
  1.09533859   0.00469140   1.71297416   0.00161304   0.97435291  -0.56834063 
  1.09533859   0.00469140   1.71297416   0.00162424   0.97431736  -0.50948291 
  1.09533859   0.00469140   1.71297416   0.00163543   0.97428181  -0.45060941 
  1.09533859   0.00469140   1.71297416   0.00164663   0.97424627  -0.39172180 
  1.09533859   0.00469140   1.71297416   0.00165783   0.97421072  -0.33282179 
  1.09533859   0.00469140   1.71297416   0.00166903   0.97417517  -0.27391122 
  1.09533859   0.00469140   1.71297416   0.00168023   0.97413962  -0.21499190 
  1.09533859   0.00469140   1.71297416   0.00169143   0.97410407  -0.15606561 
  1.09533859   0.00469140   1.71297416   0.00170262   0.97406853  -0.09713433 
  1.09533859   0.00469140   1.71297416   0.00171382   0.97403298  -0.03819990 
  1.09533859   0.00469140   1.71297416   0.00172502   0.97399743   0.02073577 
  1.09533859   0.00469140   1.71297416   0.00173622   0.97396188   0.07967081 
  1.09533859   0.00469140   1.71297416   0.00174742   0.97392633   0.13860322 
  1.09533859   0.00469140   1.71297416   0.00175862   0.97389079   0.19753116 
  1.09533859   0.00469140   1.71297416   0.00176982   0.97385524   0.25645273 
  1.09533859   0.00469140   1.71297416   0.00178101   0.97381969   0.31536612 
  1.09533859   0.00469140   1.71297416   0.00179221   0.97378414   0.37426942 
  1.09533859   0.00469140   1.71297416   0.00180341   0.97374860   0.43316087 
  1.09533859   0.00469140   1.71297416   0.00181461   0.97371305   0.49203878 
  1.09533859   0.00469140   1.71297416   0.00182581   0.97367750   0.55090134 
  1.09533859   0.00469140   1.71297416   0.00183701   0.97364195   0.60974697 
  1.09533859   0.00469140   1.71297416   0.00184821   0.97360640   0.66857407 
  1.09533859   0.00469140   1.71297416   0.00185940   0.97357086   0.72738118 
  1.09533859   0.00469140   1.71297416   0.00187060   0.97353531   0.78616676 
  1.09533859   0.00469140   1.71297416   0.00188180   0.97349976   0.84492948 
  1.09533859   0.00469140   1.71297416   0.00189300   0.97346421   0.90366810 
  1.09533859   0.00469140   1.71297416   0.00190420   0.97342866   0.96238135 
  1.09533859   0.00469140   1.71297416   0.00191540   0.97339312   1.02106814 
  1.09533859   0.00469140   1.71297416   0.00192659   0.97335757   1.07972746 
  1.09533859   0.00469140   1.71297416   0.00193779   0.97332202   1.13835845 
  1.09533859   0.00469140   1.71297416   0.00194899   0.97328647   1.19696018 
  1.09533859   0.00469140   1.71297416   0.00196019   0.97325092   1.25553200 
  1.09533859   0.00469140   1.71297416   0.00197139   0.97321538   1.31407332 
  1.09533859   0.00469140   1.71297416   0.00198259   0.97317983   1.37258356 
  1.09533859   0.00469140   1.71297416   0.00199379   0.97314428   1.43106236 
  1.09533859   0.00469140   1.71297416   0.00200498   0.97310873   1.48950944 
  1.09533859   0.00469140   1.71297416   0.00201618   0.97307318   1.54792465 
  1.09533859   0.00469140   1.71297416   0.00202738   0.97303764   1.60630784 
  1.09533859   0.00469140   1.71297416   0.00203858   0.97300209   1.66465909 
  1.09533859   0.00469140   1.71297416   0.00204978   0.97296654   1.72297854 
  1.09533859   0.00469140   1.71297416   0.00206098   0.97293099   1.78126650 
  1.09533859   0.00469140   1.71297416   0.00207218   0.97289545   1.83952324 
  1.09533859   0.00469140   1.71297416   0.00208337   0.97285990   1.89774926 
  1.09533859   0.00469140   1.71297416   0.00209457   0.97282435   1.95594518 
  1.09533859   0.00469140   1.71297416   0.00210577   0.97278880   2.01411157 
  1.09533859   0.00469140   1.71297416   0.00211697   0.97275325   2.07224926 
  1.09533859   0.00469140   1.71297416   0.00212817   0.97271771   2.13035909 
  1.09533859   0.00469140   1.71297416   0.00213937   0.97268216   2.18844207 
  1.09533859   0.00469140   1.71297416   0.00215056   0.97264661   2.24649915 
