1.09624094041329667171 -0.00046625944053784178 -0.00016281002713552551 1.13895178294878318681 -0.18124985006782104446 2.88777233152325329968 
6378137.00000000000000000000 
806.81106492269884711277 
13.38603357036849317296 
0.00382719962632720569 
200.00000000000000000000 
1.00000000000000000000 
1.00000000000000000000 
1.00000000000000000000 
0.06693016785184247031 
2.00000000000000000000 
0.35324255255139075382 
1.00085352574724506525 
1.00000000000000000000 
109.09141650610514773234 
0.00000000000000000000 
0.00100000000000000002 
